9988
3072
-8756
5426
9883
9658
-9149
-6475
9317
-1560
-9901
-2629
-1969
-8188
-785
-2678
-5654
6841
-6816
6737
-4858
2696
-9948
-2164
-6217
5713
-6830
173
6479
6795
7878
3469
3421
4432
9589
-8024
-7442
-4487
5764
-6237
-6257
-2163
-2431
5884
-5180
-8447
-7676
3724
4293
4197
-6390
5601
-6786
7896
6641
525
830
-2595
8900
-7100
-9313
5188
-4830
-5677
-8684
-7517
-2679
-4453
5420
-6852
5316
-312
8759
2160
776
4811
5901
-5176
8437
-8298
3042
-5957
-7232
4871
575
-1923
-7503
5090
8936
-2565
-8999
9224
4794
-7999
5522
-4789
3683
9033
1523
-6024
-2717
-75
5456
5478
-282
9007
6329
1711
-7049
-3600
-3462
6888
5
3841
-956
9772
5951
1408
-8475
-1904
